% 開環線性幅度與相位數據
% 生成時間: 16-Sep-2025 02:20:35
% 數據維度: 6個通道 x 19個頻率點

% 頻率數據 (Hz)
frequencies = [0.100000, 1.000000, 10.000000, 50.000000, 100.000000, 200.000000, 300.000000, 400.000000, 500.000000, 600.000000, ...
               700.000000, 800.000000, 900.000000, 1000.000000, 1200.000000, 1400.000000, 1600.000000, 1800.000000, 2000.000000];

% 線性幅度數據 (6個通道)
% 行索引對應通道 (1-6)，列索引對應頻率點
magnitudes_linear = [
    2.47685743e-01, 2.43400705e-01, 2.41519842e-01, 2.25662274e-01, 2.06877451e-01, ...
    1.76497278e-01, 1.54374084e-01, 1.37612653e-01, 1.24216506e-01, 1.12133905e-01, ...
    1.03072412e-01, 9.51813661e-02, 8.68095783e-02, 8.03214807e-02, 7.45753592e-02, ...
    6.75568755e-02, 6.26576862e-02, 5.78046256e-02, 4.57597429e-02; ...
    3.95192248e-03, 3.92421752e-03, 4.29247008e-03, 6.63776254e-03, 8.45178345e-03, ...
    9.53400063e-03, 9.51460185e-03, 9.12058437e-03, 8.69208653e-03, 8.20509965e-03, ...
    7.84996725e-03, 7.40108468e-03, 6.87647262e-03, 6.61302906e-03, 6.21281117e-03, ...
    5.75048120e-03, 5.49188717e-03, 5.10745020e-03, 4.17637573e-03; ...
    3.89134626e-02, 3.83688703e-02, 3.83426880e-02, 3.78661547e-02, 3.56881425e-02, ...
    3.12406814e-02, 2.76937334e-02, 2.50269855e-02, 2.26041310e-02, 2.06262015e-02, ...
    1.91127453e-02, 1.77656385e-02, 1.62857569e-02, 1.51577402e-02, 1.40938827e-02, ...
    1.29211869e-02, 1.21832557e-02, 1.13421870e-02, 9.14382224e-03; ...
    2.66571970e-02, 2.61787774e-02, 2.60416917e-02, 2.48423364e-02, 2.23591632e-02, ...
    1.77786719e-02, 1.47428090e-02, 1.24726363e-02, 1.09329054e-02, 9.57834369e-03, ...
    8.64787596e-03, 7.81918582e-03, 7.00372033e-03, 6.42670493e-03, 5.85415228e-03, ...
    5.22857776e-03, 4.83894643e-03, 4.47036896e-03, 3.53245096e-03; ...
    4.18909985e-02, 4.10991946e-02, 4.06860557e-02, 3.70832813e-02, 3.19378020e-02, ...
    2.42154643e-02, 1.92632293e-02, 1.61647183e-02, 1.38723850e-02, 1.20162069e-02, ...
    1.06331586e-02, 9.57505615e-03, 8.42961286e-03, 7.67282678e-03, 6.90696230e-03, ...
    6.14888666e-03, 5.48653987e-03, 5.07523660e-03, 3.87375352e-03; ...
    2.58218476e-02, 2.53289204e-02, 2.54844831e-02, 2.59510702e-02, 2.47050638e-02, ...
    2.20188518e-02, 1.98216291e-02, 1.79241033e-02, 1.64380079e-02, 1.50283076e-02, ...
    1.38486973e-02, 1.29429484e-02, 1.19558635e-02, 1.11442337e-02, 1.04612018e-02, ...
    9.47238911e-03, 8.92413238e-03, 8.39911882e-03, 6.75215747e-03
];

% 原始相位數據 (6個通道) - 單位：度
% 行索引對應通道 (1-6)，列索引對應頻率點
phases = [
    168.6877, 168.7469, 166.1985, 156.8622, 148.6672, 137.1891, 128.3667, 120.4481, ...
    114.2074, 107.8472, 102.4046, 99.1644, 95.2321, 94.2986, 91.3942, 85.3371, ...
    76.9961, 66.9035, 48.8031; ...
    -2.0989, -0.5509, 8.7812, 14.4346, 5.4450, -11.1612, -24.8361, -36.2010, ...
    -42.8846, -51.5415, -58.1034, -61.2486, -66.3511, -68.4037, -72.9766, -78.7121, ...
    -88.5104, -98.2097, -116.8917; ...
    -10.1443, -9.8898, -10.9619, -18.5700, -26.4489, -37.3227, -45.9084, -53.0653, ...
    -58.7956, -64.6522, -69.7189, -72.1181, -75.2382, -75.5983, -77.4118, -81.7041, ...
    -88.7214, -98.4213, -114.6812; ...
    -12.0451, -11.8782, -14.8111, -27.8187, -40.6720, -58.7394, -71.9358, -82.6946, ...
    -92.0210, -101.3037, -108.8737, -114.5225, -120.7691, -124.8656, -130.8890, -141.4152, ...
    -154.3233, -167.0721, 173.1861; ...
    -11.6525, -11.5839, -15.3242, -30.0439, -43.3521, -60.2744, -72.4641, -82.6779, ...
    -90.7622, -99.2108, -105.5688, -110.1988, -115.4597, -117.9766, -122.9231, -132.7987, ...
    -143.9478, -154.2767, -173.0221; ...
    -9.7897, -9.3136, -9.7504, -16.6523, -24.5114, -35.1416, -43.9545, -51.2088, ...
    -56.7438, -62.8317, -66.8561, -69.9666, -73.2964, -73.7317, -74.4170, -79.4573, ...
    -85.9244, -95.3250, -111.6411
];

% 處理後相位數據 (6個通道) - 單位：度 (已進行180度修正)
% 行索引對應通道 (1-6)，列索引對應頻率點
phases_processed = [
    -11.3123, -11.2531, -13.8015, -23.1378, -31.3328, -42.8109, -51.6333, -59.5519, ...
    -65.7926, -72.1528, -77.5954, -80.8356, -84.7679, -85.7014, -88.6058, -94.6629, ...
    -103.0039, -113.0965, -131.1969; ...
    -2.0989, -0.5509, 8.7812, 14.4346, 5.4450, -11.1612, -24.8361, -36.2010, ...
    -42.8846, -51.5415, -58.1034, -61.2486, -66.3511, -68.4037, -72.9766, -78.7121, ...
    -88.5104, -98.2097, -116.8917; ...
    -10.1443, -9.8898, -10.9619, -18.5700, -26.4489, -37.3227, -45.9084, -53.0653, ...
    -58.7956, -64.6522, -69.7189, -72.1181, -75.2382, -75.5983, -77.4118, -81.7041, ...
    -88.7214, -98.4213, -114.6812; ...
    -12.0451, -11.8782, -14.8111, -27.8187, -40.6720, -58.7394, -71.9358, -82.6946, ...
    -92.0210, -101.3037, -108.8737, -114.5225, -120.7691, -124.8656, -130.8890, -141.4152, ...
    -154.3233, -167.0721, -173.1861; ...
    -11.6525, -11.5839, -15.3242, -30.0439, -43.3521, -60.2744, -72.4641, -82.6779, ...
    -90.7622, -99.2108, -105.5688, -110.1988, -115.4597, -117.9766, -122.9231, -132.7987, ...
    -143.9478, -154.2767, -173.0221; ...
    -9.7897, -9.3136, -9.7504, -16.6523, -24.5114, -35.1416, -43.9545, -51.2088, ...
    -56.7438, -62.8317, -66.8561, -69.9666, -73.2964, -73.7317, -74.4170, -79.4573, ...
    -85.9244, -95.3250, -111.6411
];

% 數據說明:
% frequencies: 頻率向量 (Hz)
% magnitudes_linear: 6x19 矩陣，每行代表一個通道的線性幅度
% phases: 6x19 矩陣，每行代表一個通道的原始相位 (度)
% phases_processed: 6x19 矩陣，每行代表一個通道的處理後相位 (度，已進行180度修正)
% 通道對應: 第1行=P1, 第2行=P2, ..., 第6行=P6

% 使用範例:
% % 繪製P1通道的幅度和處理後相位
% figure;
% subplot(2,1,1);
% loglog(frequencies, magnitudes_linear(1,:));
% xlabel('Frequency (Hz)'); ylabel('Linear Magnitude');
% title('P1 通道線性幅度');
% subplot(2,1,2);
% semilogx(frequencies, phases_processed(1,:));
% xlabel('Frequency (Hz)'); ylabel('Phase (deg)');
% title('P1 通道處理後相位');

% % 轉換為 dB 幅度
% magnitudes_db = 20 * log10(magnitudes_linear);
