% Bode Plot Data
% Generated: 2025-10-03 20:51:21
% Data dimension: 6 channels x 19 frequency points
% Channels: P1-P6

% Frequency points (Hz)
frequencies = [0.100000, 0.996678, 10.000000, 50.000000, 100.000000, 200.000000, 300.000000, 400.000000, 500.000000, 600.000000,  ...
               700.000000, 800.000000, 900.000000, 1000.000000, 1200.000000, 1400.000000, 1600.000000, 1800.000000, 2000.000000];

% Linear magnitude (6 channels x 19 frequencies)
% Row 1-6: P1-P6
magnitudes_linear = [
    2.370515e-01, 2.335338e-01, 2.352581e-01, 2.200688e-01, 2.016909e-01, 1.717976e-01, 1.498966e-01, 1.335059e-01, 1.206001e-01, 1.102426e-01, 1.008471e-01, 9.333370e-02, 8.633014e-02, 8.043325e-02, 6.484886e-02, 5.733872e-02, 5.048190e-02, 4.529966e-02, 4.385511e-02; ...
    3.645027e-03, 3.840575e-03, 4.073978e-03, 6.415459e-03, 8.231297e-03, 9.413711e-03, 9.346279e-03, 8.971000e-03, 8.528063e-03, 8.093875e-03, 7.637295e-03, 7.254671e-03, 6.862536e-03, 6.521816e-03, 5.581147e-03, 5.005997e-03, 4.579066e-03, 4.151182e-03, 4.061162e-03; ...
    3.758769e-02, 3.697267e-02, 3.755223e-02, 3.711269e-02, 3.492272e-02, 3.054763e-02, 2.706280e-02, 2.433377e-02, 2.213848e-02, 2.037443e-02, 1.873983e-02, 1.744613e-02, 1.622459e-02, 1.519482e-02, 1.261602e-02, 1.122707e-02, 1.008945e-02, 9.105236e-03, 8.769173e-03; ...
    2.449844e-02, 2.443540e-02, 2.432761e-02, 2.327579e-02, 2.096846e-02, 1.672688e-02, 1.374326e-02, 1.167199e-02, 1.016922e-02, 9.023523e-03, 8.065261e-03, 7.320571e-03, 6.674952e-03, 6.145967e-03, 5.085950e-03, 4.459925e-03, 3.943581e-03, 3.553721e-03, 3.319330e-03; ...
    4.152271e-02, 4.008283e-02, 4.110224e-02, 3.744655e-02, 3.213366e-02, 2.424345e-02, 1.934956e-02, 1.611728e-02, 1.381799e-02, 1.211801e-02, 1.069754e-02, 9.617218e-03, 8.676391e-03, 7.922944e-03, 6.022811e-03, 5.184143e-03, 4.521870e-03, 4.006448e-03, 3.952501e-03; ...
    2.445015e-02, 2.430447e-02, 2.452762e-02, 2.503907e-02, 2.388270e-02, 2.126502e-02, 1.906672e-02, 1.729614e-02, 1.584246e-02, 1.463950e-02, 1.350552e-02, 1.260698e-02, 1.175133e-02, 1.102609e-02, 9.357963e-03, 8.597661e-03, 7.559049e-03, 7.039763e-03, 6.496572e-03
];

% Original phase (degrees)
phases = [
    169.7511, 169.6533, 166.5785, 157.2105, 148.9419, 136.9818, 128.0151, 120.5873, 114.1528, 108.1989, 102.6829, 97.3062, 93.2082, 86.8720, 80.3738, 72.2838, 64.5396, 56.9326, 48.9657; ...
    0.6910, -0.0888, 10.9262, 16.2827, 6.9805, -11.2509, -24.6926, -35.0449, -43.4734, -50.8937, -57.5048, -63.7454, -68.5155, -75.4596, -83.5117, -92.4438, -100.5083, -108.6887, -116.4433; ...
    -9.2558, -9.1806, -10.7307, -18.3484, -26.3015, -37.7034, -46.1430, -53.0261, -58.8782, -64.1940, -69.0673, -73.7842, -77.1974, -82.8318, -87.7336, -94.3945, -100.7554, -106.9473, -114.0286; ...
    -10.1807, -10.4020, -13.6376, -26.9231, -40.2735, -59.0147, -72.4541, -83.3169, -92.7618, -101.4951, -109.6110, -117.4713, -123.9320, -132.5336, -142.8099, -154.8439, -165.9123, -176.6102, 171.9246; ...
    -11.0764, -10.8740, -15.5486, -30.3962, -43.5590, -60.9255, -72.9383, -82.4236, -90.5648, -98.0481, -104.9322, -111.5967, -116.9177, -124.4920, -134.9943, -144.7937, -155.5634, -164.8560, -173.2172; ...
    -8.4433, -8.4444, -9.0401, -16.0419, -23.9843, -35.2278, -43.6384, -50.5556, -56.4100, -61.7316, -66.5849, -71.2400, -74.5841, -80.1840, -85.1346, -91.5713, -97.8079, -103.8401, -110.4276
];

% Processed phase (degrees, with 180deg correction)
phases_processed = [
    -10.2489, -10.3467, -13.4215, -22.7895, -31.0581, -43.0182, -51.9849, -59.4127, -65.8472, -71.8011, -77.3171, -82.6938, -86.7918, -93.1280, -99.6262, -107.7162, -115.4604, -123.0674, -131.0343; ...
    0.6910, -0.0888, 10.9262, 16.2827, 6.9805, -11.2509, -24.6926, -35.0449, -43.4734, -50.8937, -57.5048, -63.7454, -68.5155, -75.4596, -83.5117, -92.4438, -100.5083, -108.6887, -116.4433; ...
    -9.2558, -9.1806, -10.7307, -18.3484, -26.3015, -37.7034, -46.1430, -53.0261, -58.8782, -64.1940, -69.0673, -73.7842, -77.1974, -82.8318, -87.7336, -94.3945, -100.7554, -106.9473, -114.0286; ...
    -10.1807, -10.4020, -13.6376, -26.9231, -40.2735, -59.0147, -72.4541, -83.3169, -92.7618, -101.4951, -109.6110, -117.4713, -123.9320, -132.5336, -142.8099, -154.8439, -165.9123, -176.6102, -177.9246; ...
    -11.0764, -10.8740, -15.5486, -30.3962, -43.5590, -60.9255, -72.9383, -82.4236, -90.5648, -98.0481, -104.9322, -111.5967, -116.9177, -124.4920, -134.9943, -144.7937, -155.5634, -164.8560, -173.2172; ...
    -8.4433, -8.4444, -9.0401, -16.0419, -23.9843, -35.2278, -43.6384, -50.5556, -56.4100, -61.7316, -66.5849, -71.2400, -74.5841, -80.1840, -85.1346, -91.5713, -97.8079, -103.8401, -110.4276
];

% Usage Example:
% 1. Plot magnitude (linear) for all channels:
%    figure; loglog(frequencies, magnitudes_linear'); legend('P1','P2','P3','P4','P5','P6');
% 2. Plot magnitude (dB) for channel 1:
%    figure; semilogx(frequencies, 20*log10(magnitudes_linear(1,:)));
% 3. Plot processed phase for all channels:
%    figure; semilogx(frequencies, phases_processed'); legend('P1','P2','P3','P4','P5','P6');
