% Bode Plot Data
% Generated: 2025-10-03 20:37:03
% Data dimension: 6 channels x 19 frequency points
% Channels: P1-P6

% Frequency points (Hz)
frequencies = [0.102605, 0.998336, 10.000000, 50.000000, 100.000000, 200.000000, 300.000000, 400.000000, 500.000000, 600.000000,  ...
               700.000000, 800.000000, 900.000000, 1000.000000, 1200.000000, 1400.000000, 1600.000000, 1800.000000, 2000.000000];

% Linear magnitude (6 channels x 19 frequencies)
% Row 1-6: P1-P6
magnitudes_linear = [
    6.347878e-03, 6.579563e-03, 6.089278e-03, 5.378220e-03, 5.058626e-03, 4.765278e-03, 4.534454e-03, 4.379938e-03, 4.249346e-03, 4.145153e-03, 4.060713e-03, 3.958592e-03, 3.836683e-03, 3.764375e-03, 3.619599e-03, 3.529297e-03, 3.399179e-03, 3.246962e-03, 3.157409e-03; ...
    2.815136e-01, 2.841921e-01, 2.921706e-01, 2.708911e-01, 2.402478e-01, 1.939877e-01, 1.635014e-01, 1.418971e-01, 1.254326e-01, 1.119923e-01, 1.011881e-01, 9.130511e-02, 8.279629e-02, 7.568417e-02, 6.366012e-02, 5.410232e-02, 4.654576e-02, 4.014188e-02, 3.551120e-02; ...
    3.261900e-02, 3.425442e-02, 3.356657e-02, 3.038467e-02, 2.658937e-02, 2.073010e-02, 1.683378e-02, 1.413047e-02, 1.212857e-02, 1.055036e-02, 9.330915e-03, 8.263704e-03, 7.380202e-03, 6.655791e-03, 5.501235e-03, 4.619689e-03, 3.963873e-03, 3.424334e-03, 3.053040e-03; ...
    7.764096e-02, 7.828597e-02, 8.186702e-02, 7.541219e-02, 6.643885e-02, 5.313065e-02, 4.449841e-02, 3.845081e-02, 3.387408e-02, 3.015529e-02, 2.717367e-02, 2.446008e-02, 2.213138e-02, 2.018914e-02, 1.692040e-02, 1.433230e-02, 1.228660e-02, 1.055738e-02, 9.303917e-03; ...
    7.592102e-02, 7.713972e-02, 7.772597e-02, 7.219386e-02, 6.421638e-02, 5.206498e-02, 4.396688e-02, 3.820433e-02, 3.378540e-02, 3.017834e-02, 2.726464e-02, 2.460722e-02, 2.230981e-02, 2.038766e-02, 1.713436e-02, 1.454808e-02, 1.249910e-02, 1.075837e-02, 9.492832e-03; ...
    3.305486e-02, 3.203981e-02, 3.813470e-02, 3.350579e-02, 2.834292e-02, 2.130598e-02, 1.696598e-02, 1.405226e-02, 1.195232e-02, 1.033504e-02, 9.092111e-03, 8.035670e-03, 7.163647e-03, 6.467180e-03, 5.351316e-03, 4.514675e-03, 3.898714e-03, 3.396735e-03, 3.051027e-03
];

% Original phase (degrees)
phases = [
    172.4555, 171.1611, 165.5090, 149.9398, 137.1335, 115.1687, 96.3265, 79.8969, 65.5772, 52.9120, 41.7158, 31.5314, 22.1542, 13.8302, -0.8259, -14.2063, -25.6070, -35.7185, -45.3188; ...
    -9.6570, -10.2245, -14.2810, -26.8301, -37.7829, -52.1597, -62.3229, -70.9305, -78.5133, -85.4879, -91.9745, -98.0662, -104.1501, -109.5561, -119.6083, -129.5233, -138.4549, -146.6576, -154.9279; ...
    165.7214, 164.9648, 160.0102, 146.1958, 133.5986, 115.1662, 101.2922, 89.2989, 78.6396, 68.8407, 59.6358, 51.0117, 42.5000, 34.8116, 20.4646, 6.6342, -5.7877, -17.0259, -28.0877; ...
    170.5784, 169.9785, 165.6243, 152.6950, 141.6241, 127.2343, 117.2059, 108.7788, 101.3785, 94.5945, 88.3085, 82.4168, 76.5170, 71.3284, 61.7045, 52.2601, 43.7930, 36.0863, 28.3222; ...
    170.5133, 169.9375, 166.0891, 153.6411, 142.7603, 128.5020, 118.4697, 110.0097, 102.5805, 95.7756, 89.4590, 83.5448, 77.6517, 72.4413, 62.8190, 53.3663, 44.9154, 37.2266, 29.4685; ...
    167.3351, 166.8850, 160.4453, 144.5577, 131.1247, 112.0744, 97.8230, 85.5882, 74.7573, 64.7666, 55.5188, 46.7959, 38.1995, 30.5116, 16.1449, 2.4390, -9.9632, -21.1885, -32.0633
];

% Processed phase (degrees, with 180deg correction)
phases_processed = [
    -7.5445, -8.8389, -14.4910, -30.0602, -42.8665, -64.8313, -83.6735, -100.1031, -114.4228, -127.0880, -138.2842, -148.4686, -157.8458, -166.1698, -180.8259, -194.2063, -205.6070, -215.7185, -225.3188; ...
    -9.6570, -10.2245, -14.2810, -26.8301, -37.7829, -52.1597, -62.3229, -70.9305, -78.5133, -85.4879, -91.9745, -98.0662, -104.1501, -109.5561, -119.6083, -129.5233, -138.4549, -146.6576, -154.9279; ...
    -14.2786, -15.0352, -19.9898, -33.8042, -46.4014, -64.8338, -78.7078, -90.7011, -101.3604, -111.1593, -120.3642, -128.9883, -137.5000, -145.1884, -159.5354, -173.3658, -185.7877, -197.0259, -208.0877; ...
    -9.4216, -10.0215, -14.3757, -27.3050, -38.3759, -52.7657, -62.7941, -71.2212, -78.6215, -85.4055, -91.6915, -97.5832, -103.4830, -108.6716, -118.2955, -127.7399, -136.2070, -143.9137, -151.6778; ...
    -9.4867, -10.0625, -13.9109, -26.3589, -37.2397, -51.4980, -61.5303, -69.9903, -77.4195, -84.2244, -90.5410, -96.4552, -102.3483, -107.5587, -117.1810, -126.6337, -135.0846, -142.7734, -150.5315; ...
    -12.6649, -13.1150, -19.5547, -35.4423, -48.8753, -67.9256, -82.1770, -94.4118, -105.2427, -115.2334, -124.4812, -133.2041, -141.8005, -149.4884, -163.8551, -177.5610, -189.9632, -201.1885, -212.0633
];

% Usage Example:
% 1. Plot magnitude (linear) for all channels:
%    figure; loglog(frequencies, magnitudes_linear'); legend('P1','P2','P3','P4','P5','P6');
% 2. Plot magnitude (dB) for channel 1:
%    figure; semilogx(frequencies, 20*log10(magnitudes_linear(1,:)));
% 3. Plot processed phase for all channels:
%    figure; semilogx(frequencies, phases_processed'); legend('P1','P2','P3','P4','P5','P6');
