% 開環線性幅度與相位數據
% 生成時間: 16-Sep-2025 02:31:01
% 數據維度: 6個通道 x 19個頻率點

% 頻率數據 (Hz)
frequencies = [0.100000, 1.000000, 10.000000, 50.000000, 100.000000, 200.000000, 300.000000, 400.000000, 500.000000, 600.000000, ...
               700.000000, 800.000000, 900.000000, 1000.000000, 1200.000000, 1400.000000, 1600.000000, 1800.000000, 2000.000000];

% 線性幅度數據 (6個通道)
% 行索引對應通道 (1-6)，列索引對應頻率點
magnitudes_linear = [
    6.22393838e-03, 6.22126486e-03, 6.09960387e-03, 5.34747381e-03, 5.05840218e-03, ...
    4.76115658e-03, 4.57304432e-03, 4.42590884e-03, 4.21423890e-03, 4.11188107e-03, ...
    3.99756338e-03, 3.92976215e-03, 3.81764912e-03, 3.79233625e-03, 3.66459547e-03, ...
    3.46132403e-03, 3.39497127e-03, 3.32668923e-03, 3.13810045e-03; ...
    2.93270993e-01, 2.94614338e-01, 2.92125416e-01, 2.70910480e-01, 2.40278894e-01, ...
    1.93913265e-01, 1.63408677e-01, 1.41801840e-01, 1.25448500e-01, 1.12184925e-01, ...
    1.00803188e-01, 9.13162945e-02, 8.28765583e-02, 7.56649597e-02, 6.38223319e-02, ...
    5.39823892e-02, 4.65509786e-02, 4.02162950e-02, 3.55535179e-02; ...
    3.37739243e-02, 3.39468846e-02, 3.36210475e-02, 3.03619775e-02, 2.65726075e-02, ...
    2.07071340e-02, 1.68401225e-02, 1.40665320e-02, 1.21174984e-02, 1.04513068e-02, ...
    9.31642182e-03, 8.36459282e-03, 7.36386842e-03, 6.55361065e-03, 5.52844761e-03, ...
    4.51945803e-03, 3.90678034e-03, 3.53754899e-03, 3.10385274e-03; ...
    8.23512460e-02, 8.26440681e-02, 8.18348043e-02, 7.53844884e-02, 6.64221289e-02, ...
    5.31369780e-02, 4.44575554e-02, 3.84261202e-02, 3.38265605e-02, 3.02238308e-02, ...
    2.70825875e-02, 2.44851149e-02, 2.21550257e-02, 2.02298780e-02, 1.69567878e-02, ...
    1.42587608e-02, 1.24300887e-02, 1.05607085e-02, 9.24854157e-03; ...
    7.79752523e-02, 7.83469077e-02, 7.77248812e-02, 7.21611183e-02, 6.42214667e-02, ...
    5.20551958e-02, 4.39183609e-02, 3.81596132e-02, 3.38215592e-02, 3.01857815e-02, ...
    2.72987066e-02, 2.45973871e-02, 2.23261139e-02, 2.04267962e-02, 1.72492482e-02, ...
    1.45029670e-02, 1.24556206e-02, 1.08306568e-02, 9.56249789e-03; ...
    3.84727750e-02, 3.87523501e-02, 3.81547293e-02, 3.36003768e-02, 2.83294805e-02, ...
    2.13983488e-02, 1.69802498e-02, 1.39392499e-02, 1.18585116e-02, 1.03683125e-02, ...
    8.97305951e-03, 8.01503671e-03, 7.15171499e-03, 6.36713199e-03, 5.38623687e-03, ...
    4.45879505e-03, 4.02196260e-03, 3.43637318e-03, 2.98080331e-03
];

% 原始相位數據 (6個通道) - 單位：度
% 行索引對應通道 (1-6)，列索引對應頻率點
phases = [
    172.5243, 171.3656, 164.9929, 149.3648, 137.2331, 115.6325, 96.4787, 80.2201, ...
    65.4571, 53.5184, 40.0223, 31.3357, 22.7193, 11.8458, 2.2710, -13.8325, ...
    -25.1811, -32.4211, -45.1609; ...
    -10.6132, -10.9203, -14.2717, -26.8599, -37.7049, -51.8619, -62.7563, -71.1514, ...
    -78.2291, -85.0953, -93.1290, -98.9202, -102.7728, -110.2754, -117.8279, -127.9020, ...
    -137.9159, -143.8182, -155.5517; ...
    164.3498, 163.8965, 160.0160, 146.1350, 133.6948, 115.4404, 100.8120, 89.1550, ...
    78.9300, 69.1455, 58.9854, 49.8897, 44.0456, 33.4486, 21.8410, 8.6162, ...
    -6.0008, -15.2968, -25.9990; ...
    169.4554, 169.1424, 165.6902, 152.6404, 141.6535, 127.5834, 116.7111, 108.5761, ...
    101.6071, 95.1601, 86.9744, 81.6588, 77.9786, 70.4965, 63.4574, 54.1316, ...
    44.1558, 39.2357, 28.1601; ...
    169.7576, 169.4548, 166.1199, 153.5751, 142.7604, 128.7565, 118.0669, 109.7612, ...
    102.8428, 96.1011, 88.3091, 82.8836, 79.2441, 71.5551, 64.6301, 54.6493, ...
    45.1188, 40.1502, 29.2511; ...
    165.5664, 165.1824, 160.4176, 144.5669, 131.2952, 112.3105, 97.2848, 85.3688, ...
    75.1206, 64.8165, 54.2700, 46.3930, 39.9647, 29.6888, 18.1960, 3.5128, ...
    -9.1329, -17.4872, -32.2990
];

% 處理後相位數據 (6個通道) - 單位：度 (已進行180度修正)
% 行索引對應通道 (1-6)，列索引對應頻率點
phases_processed = [
    -7.4757, -8.6344, -15.0071, -30.6352, -42.7669, -64.3675, -83.5213, -99.7799, ...
    -114.5429, -126.4816, -139.9777, -148.6643, -157.2807, -168.1542, -177.7290, -193.8325, ...
    -205.1811, -212.4211, -225.1609; ...
    -10.6132, -10.9203, -14.2717, -26.8599, -37.7049, -51.8619, -62.7563, -71.1514, ...
    -78.2291, -85.0953, -93.1290, -98.9202, -102.7728, -110.2754, -117.8279, -127.9020, ...
    -137.9159, -143.8182, -155.5517; ...
    -15.6502, -16.1035, -19.9840, -33.8650, -46.3052, -64.5596, -79.1880, -90.8450, ...
    -101.0700, -110.8545, -121.0146, -130.1103, -135.9544, -146.5514, -158.1590, -171.3838, ...
    -186.0008, -195.2968, -205.9990; ...
    -10.5446, -10.8576, -14.3098, -27.3596, -38.3465, -52.4166, -63.2889, -71.4239, ...
    -78.3929, -84.8399, -93.0256, -98.3412, -102.0214, -109.5035, -116.5426, -125.8684, ...
    -135.8442, -140.7643, -151.8399; ...
    -10.2424, -10.5452, -13.8801, -26.4249, -37.2396, -51.2435, -61.9331, -70.2388, ...
    -77.1572, -83.8989, -91.6909, -97.1164, -100.7559, -108.4449, -115.3699, -125.3507, ...
    -134.8812, -139.8498, -150.7489; ...
    -14.4336, -14.8176, -19.5824, -35.4331, -48.7048, -67.6895, -82.7152, -94.6312, ...
    -104.8794, -115.1835, -125.7300, -133.6070, -140.0353, -150.3112, -161.8040, -176.4872, ...
    -189.1329, -197.4872, -212.2990
];

% 數據說明:
% frequencies: 頻率向量 (Hz)
% magnitudes_linear: 6x19 矩陣，每行代表一個通道的線性幅度
% phases: 6x19 矩陣，每行代表一個通道的原始相位 (度)
% phases_processed: 6x19 矩陣，每行代表一個通道的處理後相位 (度，已進行180度修正)
% 通道對應: 第1行=P1, 第2行=P2, ..., 第6行=P6

% 使用範例:
% % 繪製P1通道的幅度和處理後相位
% figure;
% subplot(2,1,1);
% loglog(frequencies, magnitudes_linear(1,:));
% xlabel('Frequency (Hz)'); ylabel('Linear Magnitude');
% title('P1 通道線性幅度');
% subplot(2,1,2);
% semilogx(frequencies, phases_processed(1,:));
% xlabel('Frequency (Hz)'); ylabel('Phase (deg)');
% title('P1 通道處理後相位');

% % 轉換為 dB 幅度
% magnitudes_db = 20 * log10(magnitudes_linear);
