% Bode Plot Data
% Generated: 2025-10-03 20:39:26
% Data dimension: 6 channels x 19 frequency points
% Channels: P1-P6

% Frequency points (Hz)
frequencies = [0.100000, 1.000000, 10.000000, 50.000000, 100.000000, 200.000000, 300.000000, 400.000000, 500.000000, 600.000000,  ...
               700.000000, 800.000000, 900.000000, 1000.000000, 1200.000000, 1400.000000, 1600.000000, 1800.000000, 2000.000000];

% Linear magnitude (6 channels x 19 frequencies)
% Row 1-6: P1-P6
magnitudes_linear = [
    3.267618e-02, 3.249093e-02, 3.305737e-02, 3.306598e-02, 3.143707e-02, 2.777276e-02, 2.474194e-02, 2.238627e-02, 2.053539e-02, 1.903729e-02, 1.792344e-02, 1.696252e-02, 1.615400e-02, 1.552188e-02, 1.452650e-02, 1.367678e-02, 1.281781e-02, 1.230193e-02, 1.171538e-02; ...
    4.273974e-02, 4.245446e-02, 4.329147e-02, 4.004590e-02, 3.462774e-02, 2.643107e-02, 2.129782e-02, 1.790660e-02, 1.550699e-02, 1.370050e-02, 1.237379e-02, 1.130466e-02, 1.043343e-02, 9.744568e-03, 8.691632e-03, 7.871299e-03, 7.166011e-03, 6.691114e-03, 6.243239e-03; ...
    2.109265e-01, 2.097382e-01, 2.129703e-01, 2.006082e-01, 1.834603e-01, 1.551810e-01, 1.348779e-01, 1.201588e-01, 1.089916e-01, 1.000430e-01, 9.348508e-02, 8.787902e-02, 8.317032e-02, 7.948799e-02, 7.366970e-02, 6.871146e-02, 6.387329e-02, 6.077458e-02, 5.739148e-02; ...
    5.533483e-03, 5.511821e-03, 5.881822e-03, 7.354163e-03, 8.684589e-03, 9.431234e-03, 9.250949e-03, 8.881736e-03, 8.489980e-03, 8.117780e-03, 7.855831e-03, 7.574697e-03, 7.334604e-03, 7.158181e-03, 6.854380e-03, 6.569399e-03, 6.248383e-03, 6.062410e-03, 5.826726e-03; ...
    2.342668e-02, 2.326638e-02, 2.308911e-02, 2.221503e-02, 2.013244e-02, 1.625496e-02, 1.348630e-02, 1.154916e-02, 1.013880e-02, 9.045503e-03, 8.258194e-03, 7.601319e-03, 7.064818e-03, 6.643159e-03, 5.997864e-03, 5.491208e-03, 5.038288e-03, 4.761200e-03, 4.485700e-03; ...
    2.574401e-02, 2.560558e-02, 2.609507e-02, 2.623291e-02, 2.461318e-02, 2.130335e-02, 1.874917e-02, 1.685036e-02, 1.540166e-02, 1.423004e-02, 1.339246e-02, 1.266058e-02, 1.204606e-02, 1.157245e-02, 1.081778e-02, 1.017151e-02, 9.522422e-03, 9.138216e-03, 8.707943e-03
];

% Original phase (degrees)
phases = [
    -9.3950, -9.3678, -10.6292, -17.3628, -25.0107, -35.7999, -43.3183, -49.2815, -54.2652, -58.5899, -62.1512, -65.9944, -70.4519, -73.1377, -80.2058, -87.1495, -96.8535, -101.7224, -108.9283; ...
    -11.1661, -11.3971, -15.5389, -29.5024, -42.3026, -58.9058, -70.0524, -78.8955, -86.4684, -93.2178, -99.0358, -105.1445, -111.6724, -116.3869, -127.2061, -137.6521, -150.5375, -158.5671, -168.7169; ...
    169.3738, 169.2454, 166.2096, 157.0745, 148.8082, 137.3995, 129.4183, 122.9636, 117.4242, 112.5184, 108.4210, 103.8848, 98.8462, 95.5351, 87.3038, 79.2352, 68.4925, 62.4937, 54.2320; ...
    -4.5619, -4.3655, -0.8379, 4.3492, -1.5936, -15.4519, -25.8779, -34.0968, -40.8902, -46.7031, -51.6152, -56.6479, -62.1772, -65.9083, -74.7781, -83.3042, -94.3213, -100.6231, -109.0759; ...
    -9.7933, -10.0615, -12.9913, -25.5236, -38.0130, -55.2967, -67.2479, -76.8493, -85.0804, -92.4596, -98.8032, -105.5116, -112.4756, -117.6766, -129.3560, -140.5052, -154.0411, -162.5620, -173.1308; ...
    -9.5034, -9.4448, -10.7740, -18.0789, -26.2795, -37.1532, -44.4326, -50.1134, -54.8445, -58.9257, -62.2684, -65.9521, -70.2325, -72.7972, -79.6027, -86.2867, -95.7846, -100.4016, -107.3714
];

% Processed phase (degrees, with 180deg correction)
phases_processed = [
    -9.3950, -9.3678, -10.6292, -17.3628, -25.0107, -35.7999, -43.3183, -49.2815, -54.2652, -58.5899, -62.1512, -65.9944, -70.4519, -73.1377, -80.2058, -87.1495, -96.8535, -101.7224, -108.9283; ...
    -11.1661, -11.3971, -15.5389, -29.5024, -42.3026, -58.9058, -70.0524, -78.8955, -86.4684, -93.2178, -99.0358, -105.1445, -111.6724, -116.3869, -127.2061, -137.6521, -150.5375, -158.5671, -168.7169; ...
    -10.6262, -10.7546, -13.7904, -22.9255, -31.1918, -42.6005, -50.5817, -57.0364, -62.5758, -67.4816, -71.5790, -76.1152, -81.1538, -84.4649, -92.6962, -100.7648, -111.5075, -117.5063, -125.7680; ...
    -4.5619, -4.3655, -0.8379, 4.3492, -1.5936, -15.4519, -25.8779, -34.0968, -40.8902, -46.7031, -51.6152, -56.6479, -62.1772, -65.9083, -74.7781, -83.3042, -94.3213, -100.6231, -109.0759; ...
    -9.7933, -10.0615, -12.9913, -25.5236, -38.0130, -55.2967, -67.2479, -76.8493, -85.0804, -92.4596, -98.8032, -105.5116, -112.4756, -117.6766, -129.3560, -140.5052, -154.0411, -162.5620, -173.1308; ...
    -9.5034, -9.4448, -10.7740, -18.0789, -26.2795, -37.1532, -44.4326, -50.1134, -54.8445, -58.9257, -62.2684, -65.9521, -70.2325, -72.7972, -79.6027, -86.2867, -95.7846, -100.4016, -107.3714
];

% Usage Example:
% 1. Plot magnitude (linear) for all channels:
%    figure; loglog(frequencies, magnitudes_linear'); legend('P1','P2','P3','P4','P5','P6');
% 2. Plot magnitude (dB) for channel 1:
%    figure; semilogx(frequencies, 20*log10(magnitudes_linear(1,:)));
% 3. Plot processed phase for all channels:
%    figure; semilogx(frequencies, phases_processed'); legend('P1','P2','P3','P4','P5','P6');
