% 開環線性幅度與相位數據
% 生成時間: 16-Sep-2025 02:36:52
% 數據維度: 6個通道 x 19個頻率點

% 頻率數據 (Hz)
frequencies = [0.100000, 1.000000, 10.000000, 50.000000, 100.000000, 200.000000, 300.000000, 400.000000, 500.000000, 600.000000, ...
               700.000000, 800.000000, 900.000000, 1000.000000, 1200.000000, 1400.000000, 1600.000000, 1800.000000, 2000.000000];

% 線性幅度數據 (6個通道)
% 行索引對應通道 (1-6)，列索引對應頻率點
magnitudes_linear = [
    3.30870894e-02, 3.31743748e-02, 3.30437239e-02, 3.31471402e-02, 3.14763544e-02, ...
    2.77844866e-02, 2.46995096e-02, 2.24206646e-02, 2.05111462e-02, 1.90797052e-02, ...
    1.78900321e-02, 1.69057735e-02, 1.61539127e-02, 1.55136689e-02, 1.43970330e-02, ...
    1.37289110e-02, 1.29949474e-02, 1.25001699e-02, 1.16722597e-02; ...
    4.35847114e-02, 4.38367625e-02, 4.32751616e-02, 4.00471582e-02, 3.45891542e-02, ...
    2.64338599e-02, 2.14038608e-02, 1.78214275e-02, 1.54978722e-02, 1.36712737e-02, ...
    1.23525988e-02, 1.13712532e-02, 1.05144645e-02, 9.67534600e-03, 8.69861359e-03, ...
    7.78713674e-03, 7.31643804e-03, 6.66335824e-03, 6.27903294e-03; ...
    2.14276857e-01, 2.15395800e-01, 2.12961624e-01, 2.00560414e-01, 1.83448801e-01, ...
    1.55230525e-01, 1.35013030e-01, 1.20201469e-01, 1.08944028e-01, 1.00459125e-01, ...
    9.33114186e-02, 8.79105630e-02, 8.32420411e-02, 7.95529093e-02, 7.35183697e-02, ...
    6.83615914e-02, 6.43692637e-02, 6.12963792e-02, 5.73684951e-02; ...
    5.72580423e-03, 5.76280149e-03, 5.89725713e-03, 7.35284061e-03, 8.66936126e-03, ...
    9.43375963e-03, 9.24799327e-03, 8.88518132e-03, 8.49836395e-03, 8.06348744e-03, ...
    7.79818791e-03, 7.56088368e-03, 7.38085232e-03, 7.11832823e-03, 6.82702562e-03, ...
    6.47999853e-03, 6.37415289e-03, 6.12625245e-03, 5.92909731e-03; ...
    2.32367320e-02, 2.32843416e-02, 2.31050490e-02, 2.22282748e-02, 2.01434341e-02, ...
    1.62830857e-02, 1.34052249e-02, 1.14817757e-02, 1.01259935e-02, 9.12923281e-03, ...
    8.24247500e-03, 7.60050264e-03, 7.09913488e-03, 6.67161849e-03, 6.04456427e-03, ...
    5.38508114e-03, 5.12548894e-03, 4.70493441e-03, 4.44785784e-03; ...
    2.60360670e-02, 2.62333604e-02, 2.60489897e-02, 2.62704810e-02, 2.46181384e-02, ...
    2.13522272e-02, 1.87244559e-02, 1.67470890e-02, 1.54622193e-02, 1.42570832e-02, ...
    1.32812811e-02, 1.27043719e-02, 1.21479561e-02, 1.16089611e-02, 1.08873811e-02, ...
    1.01480510e-02, 9.60095564e-03, 9.20233748e-03, 8.73430751e-03
];

% 原始相位數據 (6個通道) - 單位：度
% 行索引對應通道 (1-6)，列索引對應頻率點
phases = [
    -9.7732, -9.8095, -10.5987, -17.4085, -24.9160, -35.8193, -43.7843, -48.9712, ...
    -53.5330, -58.5272, -62.4824, -67.4258, -70.3830, -71.7437, -80.0673, -87.9608, ...
    -97.3750, -100.7807, -111.5982; ...
    -12.0524, -12.1731, -15.5537, -29.3238, -42.1137, -59.2857, -70.4591, -78.7724, ...
    -85.4339, -93.0686, -98.6354, -106.8902, -111.7930, -115.1493, -126.8449, -139.2888, ...
    -150.6481, -157.8432, -171.1366; ...
    168.7626, 168.6444, 166.2164, 157.0639, 148.9783, 137.2100, 128.9086, 123.0250, ...
    118.2268, 112.6112, 108.4284, 102.4822, 98.9071, 96.8967, 87.4131, 78.3261, ...
    67.7313, 63.5281, 51.4904; ...
    -5.3329, -5.4337, -0.7653, 4.3245, -1.4212, -15.6817, -25.9946, -33.8771, ...
    -40.1976, -46.5159, -51.2524, -58.5783, -62.0355, -64.1761, -74.1593, -84.4715, ...
    -94.9321, -100.2055, -111.6987; ...
    -10.2842, -10.2386, -12.9936, -25.5907, -37.9470, -55.7016, -67.6865, -76.8661, ...
    -84.3285, -93.0788, -98.3545, -107.4830, -112.8407, -115.5016, -129.6390, -140.6843, ...
    -153.8828, -161.4785, -175.6901; ...
    -10.1917, -10.1690, -10.8220, -18.0725, -26.1758, -37.3099, -45.0373, -50.0929, ...
    -54.5385, -58.7998, -62.4644, -67.4420, -70.5490, -71.0116, -79.4267, -86.9137, ...
    -95.9605, -99.6597, -110.3200
];

% 處理後相位數據 (6個通道) - 單位：度 (已進行180度修正)
% 行索引對應通道 (1-6)，列索引對應頻率點
phases_processed = [
    -9.7732, -9.8095, -10.5987, -17.4085, -24.9160, -35.8193, -43.7843, -48.9712, ...
    -53.5330, -58.5272, -62.4824, -67.4258, -70.3830, -71.7437, -80.0673, -87.9608, ...
    -97.3750, -100.7807, -111.5982; ...
    -12.0524, -12.1731, -15.5537, -29.3238, -42.1137, -59.2857, -70.4591, -78.7724, ...
    -85.4339, -93.0686, -98.6354, -106.8902, -111.7930, -115.1493, -126.8449, -139.2888, ...
    -150.6481, -157.8432, -171.1366; ...
    -11.2374, -11.3556, -13.7836, -22.9361, -31.0217, -42.7900, -51.0914, -56.9750, ...
    -61.7732, -67.3888, -71.5716, -77.5178, -81.0929, -83.1033, -92.5869, -101.6739, ...
    -112.2687, -116.4719, -128.5096; ...
    -5.3329, -5.4337, -0.7653, 4.3245, -1.4212, -15.6817, -25.9946, -33.8771, ...
    -40.1976, -46.5159, -51.2524, -58.5783, -62.0355, -64.1761, -74.1593, -84.4715, ...
    -94.9321, -100.2055, -111.6987; ...
    -10.2842, -10.2386, -12.9936, -25.5907, -37.9470, -55.7016, -67.6865, -76.8661, ...
    -84.3285, -93.0788, -98.3545, -107.4830, -112.8407, -115.5016, -129.6390, -140.6843, ...
    -153.8828, -161.4785, -175.6901; ...
    -10.1917, -10.1690, -10.8220, -18.0725, -26.1758, -37.3099, -45.0373, -50.0929, ...
    -54.5385, -58.7998, -62.4644, -67.4420, -70.5490, -71.0116, -79.4267, -86.9137, ...
    -95.9605, -99.6597, -110.3200
];

% 數據說明:
% frequencies: 頻率向量 (Hz)
% magnitudes_linear: 6x19 矩陣，每行代表一個通道的線性幅度
% phases: 6x19 矩陣，每行代表一個通道的原始相位 (度)
% phases_processed: 6x19 矩陣，每行代表一個通道的處理後相位 (度，已進行180度修正)
% 通道對應: 第1行=P1, 第2行=P2, ..., 第6行=P6

% 使用範例:
% % 繪製P1通道的幅度和處理後相位
% figure;
% subplot(2,1,1);
% loglog(frequencies, magnitudes_linear(1,:));
% xlabel('Frequency (Hz)'); ylabel('Linear Magnitude');
% title('P1 通道線性幅度');
% subplot(2,1,2);
% semilogx(frequencies, phases_processed(1,:));
% xlabel('Frequency (Hz)'); ylabel('Phase (deg)');
% title('P1 通道處理後相位');

% % 轉換為 dB 幅度
% magnitudes_db = 20 * log10(magnitudes_linear);
