% 開環線性幅度與相位數據
% 生成時間: 16-Sep-2025 02:42:53
% 數據維度: 6個通道 x 19個頻率點

% 頻率數據 (Hz)
frequencies = [0.100000, 1.000000, 10.000000, 50.000000, 100.000000, 200.000000, 300.000000, 400.000000, 500.000000, 600.000000, ...
               700.000000, 800.000000, 900.000000, 1000.000000, 1200.000000, 1400.000000, 1600.000000, 1800.000000, 2000.000000];

% 線性幅度數據 (6個通道)
% 行索引對應通道 (1-6)，列索引對應頻率點
magnitudes_linear = [
    3.52418967e-02, 3.59532471e-02, 3.47388101e-02, 3.07665729e-02, 2.66788191e-02, ...
    2.06242772e-02, 1.66622704e-02, 1.38804554e-02, 1.18417926e-02, 1.00889359e-02, ...
    8.97073227e-03, 8.02777190e-03, 7.40621747e-03, 6.70315275e-03, 5.68388247e-03, ...
    5.12073793e-03, 4.48841833e-03, 4.12359479e-03, 3.83999089e-03; ...
    6.91310860e-02, 7.01910519e-02, 6.84043888e-02, 6.21495849e-02, 5.46706081e-02, ...
    4.33410606e-02, 3.57623519e-02, 3.06537982e-02, 2.66976109e-02, 2.38029684e-02, ...
    2.14082199e-02, 1.94992550e-02, 1.78219663e-02, 1.65077788e-02, 1.44611809e-02, ...
    1.27234744e-02, 1.13632505e-02, 1.04161867e-02, 9.44664090e-03; ...
    5.88246859e-03, 5.87706818e-03, 5.64042911e-03, 4.88268814e-03, 4.38208314e-03, ...
    3.87641441e-03, 3.63624271e-03, 3.58175383e-03, 3.35880697e-03, 3.26947858e-03, ...
    3.16552507e-03, 3.18964811e-03, 3.11881423e-03, 3.17465641e-03, 3.13447717e-03, ...
    3.03221429e-03, 3.00552832e-03, 3.03913708e-03, 3.03040244e-03; ...
    2.40026747e-01, 2.43835871e-01, 2.37842013e-01, 2.17324282e-01, 1.91980374e-01, ...
    1.53502074e-01, 1.27716785e-01, 1.09669291e-01, 9.61489185e-02, 8.55031501e-02, ...
    7.73151490e-02, 7.05902329e-02, 6.48668862e-02, 6.00378175e-02, 5.24819779e-02, ...
    4.62208583e-02, 4.15504568e-02, 3.81887249e-02, 3.50025359e-02; ...
    7.22643727e-02, 7.33681466e-02, 7.16025208e-02, 6.53357364e-02, 5.76068619e-02, ...
    4.58897031e-02, 3.80660472e-02, 3.27036609e-02, 2.87384127e-02, 2.55282022e-02, ...
    2.30603162e-02, 2.10107245e-02, 1.93656283e-02, 1.78659523e-02, 1.56584473e-02, ...
    1.37731423e-02, 1.24541048e-02, 1.13934695e-02, 1.03948929e-02; ...
    2.75627500e-02, 2.81648832e-02, 2.71621947e-02, 2.36738473e-02, 2.03477851e-02, ...
    1.55752555e-02, 1.24602699e-02, 1.04369571e-02, 8.83773070e-03, 7.84004437e-03, ...
    6.89967304e-03, 6.19265109e-03, 5.59824813e-03, 5.14498816e-03, 4.52185228e-03, ...
    4.08581155e-03, 3.73715792e-03, 3.36057635e-03, 3.19919375e-03
];

% 原始相位數據 (6個通道) - 單位：度
% 行索引對應通道 (1-6)，列索引對應頻率點
phases = [
    164.0033, 164.2431, 159.8635, 146.3278, 134.6565, 117.5179, 105.2105, 93.8406, ...
    84.0168, 76.8457, 68.7141, 64.9440, 56.0889, 47.8285, 36.9645, 28.4317, ...
    16.3327, 7.2948, -0.4840; ...
    168.8737, 168.8879, 165.0472, 152.5318, 141.6936, 127.7694, 119.1004, 110.8116, ...
    104.4851, 99.7224, 94.0588, 91.8956, 86.4202, 80.7202, 73.6011, 68.9364, ...
    62.0807, 56.4823, 48.5886; ...
    169.3975, 169.4781, 162.7678, 145.2910, 132.3668, 110.0183, 90.5282, 75.1216, ...
    62.0665, 51.5649, 41.2526, 36.2033, 26.1101, 18.0213, 5.8246, -4.2249, ...
    -11.9575, -19.2913, -29.5031; ...
    -11.3973, -11.3349, -14.9870, -27.2818, -37.9712, -51.8061, -60.7933, -69.4254, ...
    -75.9365, -81.0232, -87.3721, -89.5116, -95.3150, -101.6350, -109.1216, -115.1784, ...
    -121.5637, -128.5416, -136.4877; ...
    168.8686, 168.8962, 165.2018, 152.7742, 142.0530, 128.3660, 119.7006, 111.3876, ...
    105.2230, 100.3881, 94.5915, 92.5500, 86.9792, 81.1142, 73.6750, 68.7536, ...
    62.8839, 56.4753, 48.3773; ...
    164.9190, 164.9142, 160.2021, 145.4450, 132.3759, 113.0919, 99.7190, 86.6529, ...
    75.8035, 67.4250, 56.0316, 51.3792, 42.4483, 32.9425, 17.9696, 8.9503, ...
    0.5194, -10.2293, -21.7160
];

% 處理後相位數據 (6個通道) - 單位：度 (已進行180度修正)
% 行索引對應通道 (1-6)，列索引對應頻率點
phases_processed = [
    -15.9967, -15.7569, -20.1365, -33.6722, -45.3435, -62.4821, -74.7895, -86.1594, ...
    -95.9832, -103.1543, -111.2859, -115.0560, -123.9111, -132.1715, -143.0355, -151.5683, ...
    -163.6673, -172.7052, -180.4840; ...
    -11.1263, -11.1121, -14.9528, -27.4682, -38.3064, -52.2306, -60.8996, -69.1884, ...
    -75.5149, -80.2776, -85.9412, -88.1044, -93.5798, -99.2798, -106.3989, -111.0636, ...
    -117.9193, -123.5177, -131.4114; ...
    -10.6025, -10.5219, -17.2322, -34.7090, -47.6332, -69.9817, -89.4718, -104.8784, ...
    -117.9335, -128.4351, -138.7474, -143.7967, -153.8899, -161.9787, -174.1754, -184.2249, ...
    -191.9575, -199.2913, -209.5031; ...
    -11.3973, -11.3349, -14.9870, -27.2818, -37.9712, -51.8061, -60.7933, -69.4254, ...
    -75.9365, -81.0232, -87.3721, -89.5116, -95.3150, -101.6350, -109.1216, -115.1784, ...
    -121.5637, -128.5416, -136.4877; ...
    -11.1314, -11.1038, -14.7982, -27.2258, -37.9470, -51.6340, -60.2994, -68.6124, ...
    -74.7770, -79.6119, -85.4085, -87.4500, -93.0208, -98.8858, -106.3250, -111.2464, ...
    -117.1161, -123.5247, -131.6227; ...
    -15.0810, -15.0858, -19.7979, -34.5550, -47.6241, -66.9081, -80.2810, -93.3471, ...
    -104.1965, -112.5750, -123.9684, -128.6208, -137.5517, -147.0575, -162.0304, -171.0497, ...
    -179.4806, -190.2293, -201.7160
];

% 數據說明:
% frequencies: 頻率向量 (Hz)
% magnitudes_linear: 6x19 矩陣，每行代表一個通道的線性幅度
% phases: 6x19 矩陣，每行代表一個通道的原始相位 (度)
% phases_processed: 6x19 矩陣，每行代表一個通道的處理後相位 (度，已進行180度修正)
% 通道對應: 第1行=P1, 第2行=P2, ..., 第6行=P6

% 使用範例:
% % 繪製P1通道的幅度和處理後相位
% figure;
% subplot(2,1,1);
% loglog(frequencies, magnitudes_linear(1,:));
% xlabel('Frequency (Hz)'); ylabel('Linear Magnitude');
% title('P1 通道線性幅度');
% subplot(2,1,2);
% semilogx(frequencies, phases_processed(1,:));
% xlabel('Frequency (Hz)'); ylabel('Phase (deg)');
% title('P1 通道處理後相位');

% % 轉換為 dB 幅度
% magnitudes_db = 20 * log10(magnitudes_linear);
