% Bode Plot Data
% Generated: 2025-10-03 20:41:19
% Data dimension: 6 channels x 19 frequency points
% Channels: P1-P6

% Frequency points (Hz)
frequencies = [0.099585, 0.993031, 10.000000, 50.000000, 100.000000, 200.000000, 300.000000, 400.000000, 500.000000, 600.000000,  ...
               700.000000, 800.000000, 900.000000, 1000.000000, 1200.000000, 1400.000000, 1600.000000, 1800.000000, 2000.000000];

% Linear magnitude (6 channels x 19 frequencies)
% Row 1-6: P1-P6
magnitudes_linear = [
    3.442402e-02, 3.428447e-02, 3.478566e-02, 3.077893e-02, 2.663540e-02, 2.066051e-02, 1.664399e-02, 1.389571e-02, 1.184862e-02, 1.025395e-02, 9.078277e-03, 8.098936e-03, 7.355384e-03, 6.696426e-03, 5.652111e-03, 4.993437e-03, 4.504637e-03, 4.025955e-03, 3.766512e-03; ...
    6.760076e-02, 6.727174e-02, 6.846797e-02, 6.218208e-02, 5.468928e-02, 4.336263e-02, 3.581499e-02, 3.064855e-02, 2.679341e-02, 2.387102e-02, 2.153852e-02, 1.950131e-02, 1.796506e-02, 1.653388e-02, 1.419587e-02, 1.266293e-02, 1.146217e-02, 1.024445e-02, 9.535126e-03; ...
    6.013534e-03, 6.114616e-03, 5.654419e-03, 4.850228e-03, 4.405996e-03, 3.943670e-03, 3.631202e-03, 3.440030e-03, 3.308748e-03, 3.266112e-03, 3.222029e-03, 3.156917e-03, 3.140172e-03, 3.102327e-03, 3.032019e-03, 3.032108e-03, 3.043062e-03, 2.982953e-03, 3.019648e-03; ...
    2.363765e-01, 2.354561e-01, 2.378958e-01, 2.173513e-01, 1.920465e-01, 1.535690e-01, 1.276524e-01, 1.097299e-01, 9.622199e-02, 8.593162e-02, 7.770776e-02, 7.051492e-02, 6.507609e-02, 5.999135e-02, 5.162765e-02, 4.617659e-02, 4.189776e-02, 3.753601e-02, 3.503120e-02; ...
    7.207129e-02, 7.172076e-02, 7.161478e-02, 6.533518e-02, 5.762476e-02, 4.592717e-02, 3.808137e-02, 3.271057e-02, 2.867802e-02, 2.561027e-02, 2.315993e-02, 2.102140e-02, 1.940656e-02, 1.789336e-02, 1.541126e-02, 1.379256e-02, 1.251588e-02, 1.121713e-02, 1.046289e-02; ...
    2.451104e-02, 2.429558e-02, 2.716427e-02, 2.374096e-02, 2.036582e-02, 1.558663e-02, 1.246037e-02, 1.036451e-02, 8.850046e-03, 7.764300e-03, 6.902442e-03, 6.189840e-03, 5.674273e-03, 5.200610e-03, 4.471843e-03, 4.039147e-03, 3.719857e-03, 3.399494e-03, 3.242276e-03
];

% Original phase (degrees)
phases = [
    165.4201, 165.2778, 159.8889, 146.3670, 134.6871, 117.5982, 104.8221, 94.0366, 84.7394, 77.4163, 70.4271, 63.2646, 56.1264, 50.8442, 38.9337, 26.5172, 16.9012, 7.0814, -3.6961; ...
    169.8768, 169.7258, 165.0615, 152.4015, 141.7713, 127.9246, 118.7394, 111.4014, 105.3591, 99.8024, 95.4424, 90.6966, 85.9157, 82.9251, 75.3332, 66.9077, 61.0354, 54.7080, 47.1349; ...
    170.2125, 170.0201, 162.8133, 145.4378, 131.9940, 109.9009, 92.0639, 76.7445, 63.7862, 52.1439, 42.7612, 33.8522, 25.4828, 19.5737, 7.0067, -5.1293, -13.9423, -22.6872, -32.1988; ...
    -10.4833, -10.6106, -14.9861, -27.3450, -37.8774, -51.7424, -61.1657, -68.8141, -75.1932, -81.0356, -85.7437, -90.8252, -95.9582, -99.2925, -107.5744, -116.7001, -123.2628, -130.2687, -138.4927; ...
    169.5682, 169.4337, 165.1935, 152.7300, 142.1495, 128.4148, 119.2850, 111.9678, 105.9383, 100.3645, 95.9600, 91.2142, 86.3785, 83.3481, 75.6551, 67.1153, 61.0989, 54.6387, 46.9861; ...
    166.6796, 166.5882, 160.1422, 145.2055, 132.4452, 113.4720, 99.1615, 87.1303, 76.5807, 66.6699, 58.3036, 49.8193, 41.5326, 35.2308, 21.6585, 7.9074, -2.5872, -13.0140, -24.1258
];

% Processed phase (degrees, with 180deg correction)
phases_processed = [
    -14.5799, -14.7222, -20.1111, -33.6330, -45.3129, -62.4018, -75.1779, -85.9634, -95.2606, -102.5837, -109.5729, -116.7354, -123.8736, -129.1558, -141.0663, -153.4828, -163.0988, -172.9186, -183.6961; ...
    -10.1232, -10.2742, -14.9385, -27.5985, -38.2287, -52.0754, -61.2606, -68.5986, -74.6409, -80.1976, -84.5576, -89.3034, -94.0843, -97.0749, -104.6668, -113.0923, -118.9646, -125.2920, -132.8651; ...
    -9.7875, -9.9799, -17.1867, -34.5622, -48.0060, -70.0991, -87.9361, -103.2555, -116.2138, -127.8561, -137.2388, -146.1478, -154.5172, -160.4263, -172.9933, -185.1293, -193.9423, -202.6872, -212.1988; ...
    -10.4833, -10.6106, -14.9861, -27.3450, -37.8774, -51.7424, -61.1657, -68.8141, -75.1932, -81.0356, -85.7437, -90.8252, -95.9582, -99.2925, -107.5744, -116.7001, -123.2628, -130.2687, -138.4927; ...
    -10.4318, -10.5663, -14.8065, -27.2700, -37.8505, -51.5852, -60.7150, -68.0322, -74.0617, -79.6355, -84.0400, -88.7858, -93.6215, -96.6519, -104.3449, -112.8847, -118.9011, -125.3613, -133.0139; ...
    -13.3204, -13.4118, -19.8578, -34.7945, -47.5548, -66.5280, -80.8385, -92.8697, -103.4193, -113.3301, -121.6964, -130.1807, -138.4674, -144.7692, -158.3415, -172.0926, -182.5872, -193.0140, -204.1258
];

% Usage Example:
% 1. Plot magnitude (linear) for all channels:
%    figure; loglog(frequencies, magnitudes_linear'); legend('P1','P2','P3','P4','P5','P6');
% 2. Plot magnitude (dB) for channel 1:
%    figure; semilogx(frequencies, 20*log10(magnitudes_linear(1,:)));
% 3. Plot processed phase for all channels:
%    figure; semilogx(frequencies, phases_processed'); legend('P1','P2','P3','P4','P5','P6');
