% Bode Plot Data
% Generated: 2025-10-03 20:43:29
% Data dimension: 6 channels x 19 frequency points
% Channels: P1-P6

% Frequency points (Hz)
frequencies = [0.103474, 0.998415, 10.000000, 50.000000, 100.000000, 200.000000, 300.000000, 400.000000, 500.000000, 600.000000,  ...
               700.000000, 800.000000, 900.000000, 1000.000000, 1200.000000, 1400.000000, 1600.000000, 1800.000000, 2000.000000];

% Linear magnitude (6 channels x 19 frequencies)
% Row 1-6: P1-P6
magnitudes_linear = [
    4.089842e-02, 4.064576e-02, 4.247775e-02, 3.745681e-02, 3.168374e-02, 2.372266e-02, 1.863104e-02, 1.536247e-02, 1.289969e-02, 1.102839e-02, 9.558665e-03, 8.326191e-03, 7.398830e-03, 6.539517e-03, 5.309790e-03, 4.390768e-03, 3.877055e-03, 3.269050e-03, 2.901629e-03; ...
    7.802919e-02, 7.766315e-02, 7.514093e-02, 6.961080e-02, 6.187789e-02, 5.007548e-02, 4.188103e-02, 3.640543e-02, 3.198820e-02, 2.843121e-02, 2.551941e-02, 2.289216e-02, 2.087603e-02, 1.887378e-02, 1.586665e-02, 1.343887e-02, 1.203213e-02, 1.017361e-02, 9.013056e-03; ...
    2.655872e-02, 2.639225e-02, 2.447061e-02, 2.222302e-02, 1.976980e-02, 1.588567e-02, 1.304469e-02, 1.112178e-02, 9.581626e-03, 8.361855e-03, 7.384491e-03, 6.536690e-03, 5.903184e-03, 5.295039e-03, 4.418982e-03, 3.751994e-03, 3.392473e-03, 2.910775e-03, 2.627702e-03; ...
    7.719918e-02, 7.678607e-02, 7.539775e-02, 6.937494e-02, 6.098395e-02, 4.855018e-02, 4.023430e-02, 3.474873e-02, 3.041001e-02, 2.695539e-02, 2.412670e-02, 2.160940e-02, 1.967175e-02, 1.777240e-02, 1.489208e-02, 1.258154e-02, 1.123688e-02, 9.485424e-03, 8.384197e-03; ...
    2.576619e-01, 2.563272e-01, 2.501531e-01, 2.318291e-01, 2.054239e-01, 1.655111e-01, 1.381121e-01, 1.198872e-01, 1.052064e-01, 9.344732e-02, 8.379804e-02, 7.514162e-02, 6.849004e-02, 6.191053e-02, 5.201454e-02, 4.404966e-02, 3.945024e-02, 3.337626e-02, 2.958337e-02; ...
    2.955312e-03, 2.988683e-03, 2.721410e-03, 2.089538e-03, 1.967260e-03, 2.146665e-03, 2.316431e-03, 2.463139e-03, 2.554083e-03, 2.607927e-03, 2.646363e-03, 2.651623e-03, 2.663061e-03, 2.627164e-03, 2.577051e-03, 2.492672e-03, 2.503619e-03, 2.350513e-03, 2.284336e-03
];

% Original phase (degrees)
phases = [
    166.3355, 165.4270, 159.6888, 144.2672, 131.0672, 112.4381, 98.4836, 86.5976, 75.9095, 67.0402, 57.4440, 50.1109, 41.4414, 34.1843, 21.9045, 8.4640, -2.6119, -13.1667, -22.6818; ...
    170.0776, 169.4294, 165.9149, 153.3620, 142.5306, 128.3415, 118.3697, 109.9445, 102.4225, 96.5080, 89.6502, 84.9452, 78.7103, 73.8378, 65.9187, 56.3789, 48.9293, 41.6035, 34.9517; ...
    165.0444, 164.0769, 160.3402, 147.4894, 135.7705, 117.6931, 103.5345, 91.0794, 79.7819, 70.3302, 60.1264, 52.2427, 43.0101, 35.2492, 21.9397, 7.5336, -4.2886, -15.4723, -25.6079; ...
    169.9312, 169.2010, 165.3359, 152.2374, 141.0356, 126.6335, 116.6294, 108.2400, 100.7415, 94.8225, 87.9487, 83.1913, 76.9176, 71.9957, 63.9480, 54.2998, 46.7432, 39.2746, 32.5233; ...
    -10.2771, -10.9513, -14.4959, -27.1592, -38.1462, -52.5782, -62.8140, -71.4960, -79.2604, -85.4450, -92.5756, -97.5548, -104.0708, -109.2320, -117.7514, -127.8818, -135.9335, -143.8718, -151.1265; ...
    170.6024, 168.5783, 157.3741, 129.9104, 114.2754, 86.2893, 64.9189, 48.0622, 34.3216, 23.6303, 13.1498, 5.5783, -2.8901, -9.7429, -20.4950, -32.2219, -41.1467, -49.7024, -57.2103
];

% Processed phase (degrees, with 180deg correction)
phases_processed = [
    -13.6645, -14.5730, -20.3112, -35.7328, -48.9328, -67.5619, -81.5164, -93.4024, -104.0905, -112.9598, -122.5560, -129.8891, -138.5586, -145.8157, -158.0955, -171.5360, -182.6119, -193.1667, -202.6818; ...
    -9.9224, -10.5706, -14.0851, -26.6380, -37.4694, -51.6585, -61.6303, -70.0555, -77.5775, -83.4920, -90.3498, -95.0548, -101.2897, -106.1622, -114.0813, -123.6211, -131.0707, -138.3965, -145.0483; ...
    -14.9556, -15.9231, -19.6598, -32.5106, -44.2295, -62.3069, -76.4655, -88.9206, -100.2181, -109.6698, -119.8736, -127.7573, -136.9899, -144.7508, -158.0603, -172.4664, -184.2886, -195.4723, -205.6079; ...
    -10.0688, -10.7990, -14.6641, -27.7626, -38.9644, -53.3665, -63.3706, -71.7600, -79.2585, -85.1775, -92.0513, -96.8087, -103.0824, -108.0043, -116.0520, -125.7002, -133.2568, -140.7254, -147.4767; ...
    -10.2771, -10.9513, -14.4959, -27.1592, -38.1462, -52.5782, -62.8140, -71.4960, -79.2604, -85.4450, -92.5756, -97.5548, -104.0708, -109.2320, -117.7514, -127.8818, -135.9335, -143.8718, -151.1265; ...
    -9.3976, -11.4217, -22.6259, -50.0896, -65.7246, -93.7107, -115.0811, -131.9378, -145.6784, -156.3697, -166.8502, -174.4217, -182.8901, -189.7429, -200.4950, -212.2219, -221.1467, -229.7024, -237.2103
];

% Usage Example:
% 1. Plot magnitude (linear) for all channels:
%    figure; loglog(frequencies, magnitudes_linear'); legend('P1','P2','P3','P4','P5','P6');
% 2. Plot magnitude (dB) for channel 1:
%    figure; semilogx(frequencies, 20*log10(magnitudes_linear(1,:)));
% 3. Plot processed phase for all channels:
%    figure; semilogx(frequencies, phases_processed'); legend('P1','P2','P3','P4','P5','P6');
