% 開環線性幅度與相位數據
% 生成時間: 16-Sep-2025 02:47:12
% 數據維度: 6個通道 x 19個頻率點

% 頻率數據 (Hz)
frequencies = [0.100000, 1.000000, 10.000000, 50.000000, 100.000000, 200.000000, 300.000000, 400.000000, 500.000000, 600.000000, ...
               700.000000, 800.000000, 900.000000, 1000.000000, 1200.000000, 1400.000000, 1600.000000, 1800.000000, 2000.000000];

% 線性幅度數據 (6個通道)
% 行索引對應通道 (1-6)，列索引對應頻率點
magnitudes_linear = [
    4.23398623e-02, 4.33238478e-02, 4.24601646e-02, 3.74605245e-02, 3.16895196e-02, ...
    2.37021588e-02, 1.87769648e-02, 1.53529801e-02, 1.28287190e-02, 1.10337729e-02, ...
    9.48125436e-03, 8.38497343e-03, 7.29708947e-03, 6.46913570e-03, 5.18738129e-03, ...
    4.43146539e-03, 3.75153665e-03, 3.23749139e-03, 3.02225035e-03; ...
    7.48461536e-02, 7.61506884e-02, 7.51782734e-02, 6.96172186e-02, 6.18749272e-02, ...
    5.00349539e-02, 4.21868902e-02, 3.63885313e-02, 3.18962909e-02, 2.84122406e-02, ...
    2.54564110e-02, 2.28076798e-02, 2.07581406e-02, 1.88972179e-02, 1.59165481e-02, ...
    1.34730233e-02, 1.16751056e-02, 1.02434466e-02, 8.93063121e-03; ...
    2.43209021e-02, 2.49663359e-02, 2.45138821e-02, 2.22611609e-02, 1.97440937e-02, ...
    1.59415243e-02, 1.31299663e-02, 1.11992657e-02, 9.56110788e-03, 8.41281882e-03, ...
    7.43189450e-03, 6.49950130e-03, 5.84361995e-03, 5.23546108e-03, 4.30152956e-03, ...
    3.84798778e-03, 3.18450721e-03, 2.90827028e-03, 2.61598871e-03; ...
    7.51617250e-02, 7.64523042e-02, 7.53656909e-02, 6.93171441e-02, 6.09035406e-02, ...
    4.85346011e-02, 4.04583336e-02, 3.47639393e-02, 3.03106690e-02, 2.69396580e-02, ...
    2.39442632e-02, 2.16223180e-02, 1.95424783e-02, 1.78309425e-02, 1.49299534e-02, ...
    1.27302450e-02, 1.09973670e-02, 9.49658121e-03, 8.38086016e-03; ...
    2.48931460e-01, 2.53589040e-01, 2.50105862e-01, 2.31821050e-01, 2.05321394e-01, ...
    1.65441638e-01, 1.38989459e-01, 1.19896232e-01, 1.05230697e-01, 9.33834936e-02, ...
    8.36565207e-02, 7.51087875e-02, 6.79695675e-02, 6.18770595e-02, 5.17818307e-02, ...
    4.43378341e-02, 3.83796372e-02, 3.34286373e-02, 2.96129599e-02; ...
    2.81480428e-03, 2.83944178e-03, 2.75649602e-03, 2.03823871e-03, 1.94331664e-03, ...
    2.26297797e-03, 2.42657100e-03, 2.50853290e-03, 2.54753759e-03, 2.52798118e-03, ...
    2.65756181e-03, 2.69969872e-03, 2.67760258e-03, 2.57788267e-03, 2.52921657e-03, ...
    2.42026714e-03, 2.39882171e-03, 2.40328253e-03, 2.36223870e-03
];

% 原始相位數據 (6個通道) - 單位：度
% 行索引對應通道 (1-6)，列索引對應頻率點
phases = [
    165.3086, 165.1778, 159.7020, 144.2845, 131.1902, 112.5460, 98.1379, 86.5835, ...
    76.6013, 68.0062, 58.2730, 51.2278, 42.3329, 35.3821, 19.6159, 10.5054, ...
    -3.1224, -11.4238, -24.4764; ...
    170.2355, 169.9533, 165.9025, 153.4550, 142.4181, 128.3884, 117.8832, 109.9943, ...
    103.1782, 97.1981, 90.4817, 85.5281, 80.0455, 74.6901, 63.4178, 58.0555, ...
    48.4616, 43.5285, 34.1570; ...
    165.2523, 165.3223, 160.3509, 147.8560, 135.7482, 117.7467, 103.2151, 91.3429, ...
    80.6435, 71.2237, 61.1161, 53.2472, 44.0523, 35.6343, 18.5503, 9.2102, ...
    -4.4755, -14.6821, -25.8255; ...
    169.7779, 169.4872, 165.3570, 152.2464, 141.0524, 126.7860, 116.1373, 108.2240, ...
    101.5383, 95.4318, 89.1332, 83.9830, 78.2593, 72.4290, 61.2497, 56.3168, ...
    45.8244, 41.1803, 32.1891; ...
    -10.2547, -10.5052, -14.4809, -27.1038, -38.1557, -52.4829, -63.3101, -71.5246, ...
    -78.7163, -84.8416, -91.5971, -96.7251, -102.8360, -108.3120, -120.4022, -126.2441, ...
    -136.8852, -142.3503, -151.9750; ...
    170.8422, 172.5806, 157.2873, 131.2024, 113.5211, 87.1347, 64.8709, 47.9234, ...
    35.3313, 24.4470, 15.0900, 8.6865, -1.8065, -10.2855, -22.9302, -31.8009, ...
    -41.8738, -47.6004, -59.1033
];

% 處理後相位數據 (6個通道) - 單位：度 (已進行180度修正)
% 行索引對應通道 (1-6)，列索引對應頻率點
phases_processed = [
    -14.6914, -14.8222, -20.2980, -35.7155, -48.8098, -67.4540, -81.8621, -93.4165, ...
    -103.3987, -111.9938, -121.7270, -128.7722, -137.6671, -144.6179, -160.3841, -169.4946, ...
    -183.1224, -191.4238, -204.4764; ...
    -9.7645, -10.0467, -14.0975, -26.5450, -37.5819, -51.6116, -62.1168, -70.0057, ...
    -76.8218, -82.8019, -89.5183, -94.4719, -99.9545, -105.3099, -116.5822, -121.9445, ...
    -131.5384, -136.4715, -145.8430; ...
    -14.7477, -14.6777, -19.6491, -32.1440, -44.2518, -62.2533, -76.7849, -88.6571, ...
    -99.3565, -108.7763, -118.8839, -126.7528, -135.9477, -144.3657, -161.4497, -170.7898, ...
    -184.4755, -194.6821, -205.8255; ...
    -10.2221, -10.5128, -14.6430, -27.7536, -38.9476, -53.2140, -63.8627, -71.7760, ...
    -78.4617, -84.5682, -90.8668, -96.0170, -101.7407, -107.5710, -118.7503, -123.6832, ...
    -134.1756, -138.8197, -147.8109; ...
    -10.2547, -10.5052, -14.4809, -27.1038, -38.1557, -52.4829, -63.3101, -71.5246, ...
    -78.7163, -84.8416, -91.5971, -96.7251, -102.8360, -108.3120, -120.4022, -126.2441, ...
    -136.8852, -142.3503, -151.9750; ...
    -9.1578, -7.4194, -22.7127, -48.7976, -66.4789, -92.8653, -115.1291, -132.0766, ...
    -144.6687, -155.5530, -164.9100, -171.3135, -181.8065, -190.2855, -202.9302, -211.8009, ...
    -221.8738, -227.6004, -239.1033
];

% 數據說明:
% frequencies: 頻率向量 (Hz)
% magnitudes_linear: 6x19 矩陣，每行代表一個通道的線性幅度
% phases: 6x19 矩陣，每行代表一個通道的原始相位 (度)
% phases_processed: 6x19 矩陣，每行代表一個通道的處理後相位 (度，已進行180度修正)
% 通道對應: 第1行=P1, 第2行=P2, ..., 第6行=P6

% 使用範例:
% % 繪製P1通道的幅度和處理後相位
% figure;
% subplot(2,1,1);
% loglog(frequencies, magnitudes_linear(1,:));
% xlabel('Frequency (Hz)'); ylabel('Linear Magnitude');
% title('P1 通道線性幅度');
% subplot(2,1,2);
% semilogx(frequencies, phases_processed(1,:));
% xlabel('Frequency (Hz)'); ylabel('Phase (deg)');
% title('P1 通道處理後相位');

% % 轉換為 dB 幅度
% magnitudes_db = 20 * log10(magnitudes_linear);
