% 開環線性幅度與相位數據
% 生成時間: 16-Sep-2025 02:10:33
% 數據維度: 6個通道 x 19個頻率點

% 頻率數據 (Hz)
frequencies = [0.100000, 1.000000, 10.000000, 50.000000, 100.000000, 200.000000, 300.000000, 400.000000, 500.000000, 600.000000, ...
               700.000000, 800.000000, 900.000000, 1000.000000, 1200.000000, 1400.000000, 1600.000000, 1800.000000, 2000.000000];

% 線性幅度數據 (6個通道)
% 行索引對應通道 (1-6)，列索引對應頻率點
magnitudes_linear = [
    3.65378622e-02, 3.68609628e-02, 3.66493110e-02, 3.61887816e-02, 3.43982336e-02, ...
    3.03708523e-02, 2.69307598e-02, 2.42371902e-02, 2.20491368e-02, 2.03212222e-02, ...
    1.90892756e-02, 1.78982184e-02, 1.68280509e-02, 1.59323566e-02, 1.48623152e-02, ...
    1.38594072e-02, 1.32568409e-02, 1.28033039e-02, 1.22368619e-02; ...
    4.03405867e-02, 4.08409942e-02, 4.02208283e-02, 3.66001697e-02, 3.10609030e-02, ...
    2.30286263e-02, 1.80325550e-02, 1.48434358e-02, 1.26659990e-02, 1.10750437e-02, ...
    9.85304112e-03, 8.99802773e-03, 8.17354403e-03, 7.43539128e-03, 6.60854196e-03, ...
    6.02405596e-03, 5.53383201e-03, 5.28140533e-03, 5.08883217e-03; ...
    3.67825533e-02, 3.72170473e-02, 3.69515317e-02, 3.61239147e-02, 3.36554695e-02, ...
    2.88961380e-02, 2.52529306e-02, 2.25157606e-02, 2.04688112e-02, 1.87100244e-02, ...
    1.74655280e-02, 1.62638466e-02, 1.53562833e-02, 1.46928958e-02, 1.34712276e-02, ...
    1.25525933e-02, 1.19644811e-02, 1.14507734e-02, 1.09499055e-02; ...
    2.42188115e-02, 2.44695701e-02, 2.42301079e-02, 2.32813937e-02, 2.11796933e-02, ...
    1.69062583e-02, 1.38963787e-02, 1.17851998e-02, 1.03376827e-02, 9.08776435e-03, ...
    8.21389979e-03, 7.53218236e-03, 6.94499184e-03, 6.58137630e-03, 5.84330073e-03, ...
    5.50052100e-03, 5.10296297e-03, 4.83781404e-03, 4.60031368e-03; ...
    4.96201602e-03, 5.04130043e-03, 5.25646743e-03, 6.83436213e-03, 8.67617320e-03, ...
    9.74340658e-03, 9.63763548e-03, 9.21470038e-03, 8.82609606e-03, 8.34551467e-03, ...
    8.05126093e-03, 7.73405831e-03, 7.41804022e-03, 7.06867217e-03, 6.74689961e-03, ...
    6.45859104e-03, 6.14460573e-03, 6.07128833e-03, 5.71799029e-03; ...
    1.96809084e-01, 1.99026635e-01, 1.96335320e-01, 1.82991292e-01, 1.66816280e-01, ...
    1.40880247e-01, 1.22091202e-01, 1.08219718e-01, 9.75922590e-02, 8.90227978e-02, ...
    8.23957666e-02, 7.67847873e-02, 7.19418065e-02, 6.80418055e-02, 6.21895994e-02, ...
    5.71263346e-02, 5.43078140e-02, 5.15352304e-02, 4.88866324e-02
];

% 原始相位數據 (6個通道) - 單位：度
% 行索引對應通道 (1-6)，列索引對應頻率點
phases = [
    -9.7324, -9.1878, -10.7171, -17.7214, -24.7777, -35.0529, -42.1142, -47.5250, ...
    -52.9199, -57.2776, -58.9901, -62.5028, -66.0541, -69.3794, -75.2530, -77.1330, ...
    -83.1086, -89.9175, -96.9260; ...
    -12.0306, -11.8311, -16.1878, -31.9657, -45.8159, -64.2361, -76.3069, -85.9314, ...
    -95.1927, -103.2240, -108.1774, -114.3510, -121.5724, -127.2810, -137.8989, -144.9947, ...
    -155.3009, -165.7394, -176.4942; ...
    -10.3910, -9.9294, -11.4942, -19.3460, -27.0544, -37.5329, -44.2021, -49.3837, ...
    -54.7093, -59.0779, -60.7576, -63.5356, -67.5001, -70.0032, -76.2794, -77.8425, ...
    -83.1613, -89.9579, -97.2372; ...
    -10.8403, -10.3626, -13.6894, -26.7924, -39.4533, -57.3279, -69.5408, -78.9456, ...
    -87.8958, -95.8420, -100.1902, -107.0497, -114.9581, -120.5213, -131.5669, -138.6709, ...
    -147.6715, -159.8405, -170.4336; ...
    -2.5378, -2.6507, 3.6452, 10.6197, 3.6176, -10.7757, -21.4659, -30.5910, ...
    -37.4660, -43.2685, -47.0823, -51.5848, -56.3054, -60.3948, -68.4775, -72.0518, ...
    -79.5272, -87.5710, -96.2147; ...
    169.5331, 169.7528, 166.7503, 157.1838, 149.4098, 138.1735, 130.7112, 124.6231, ...
    118.8244, 113.6654, 111.3003, 107.4420, 102.9916, 99.5342, 92.4382, 89.3956, ...
    82.8171, 75.1090, 66.9133
];

% 處理後相位數據 (6個通道) - 單位：度 (已進行180度修正)
% 行索引對應通道 (1-6)，列索引對應頻率點
phases_processed = [
    -9.7324, -9.1878, -10.7171, -17.7214, -24.7777, -35.0529, -42.1142, -47.5250, ...
    -52.9199, -57.2776, -58.9901, -62.5028, -66.0541, -69.3794, -75.2530, -77.1330, ...
    -83.1086, -89.9175, -96.9260; ...
    -12.0306, -11.8311, -16.1878, -31.9657, -45.8159, -64.2361, -76.3069, -85.9314, ...
    -95.1927, -103.2240, -108.1774, -114.3510, -121.5724, -127.2810, -137.8989, -144.9947, ...
    -155.3009, -165.7394, -176.4942; ...
    -10.3910, -9.9294, -11.4942, -19.3460, -27.0544, -37.5329, -44.2021, -49.3837, ...
    -54.7093, -59.0779, -60.7576, -63.5356, -67.5001, -70.0032, -76.2794, -77.8425, ...
    -83.1613, -89.9579, -97.2372; ...
    -10.8403, -10.3626, -13.6894, -26.7924, -39.4533, -57.3279, -69.5408, -78.9456, ...
    -87.8958, -95.8420, -100.1902, -107.0497, -114.9581, -120.5213, -131.5669, -138.6709, ...
    -147.6715, -159.8405, -170.4336; ...
    -2.5378, -2.6507, 3.6452, 10.6197, 3.6176, -10.7757, -21.4659, -30.5910, ...
    -37.4660, -43.2685, -47.0823, -51.5848, -56.3054, -60.3948, -68.4775, -72.0518, ...
    -79.5272, -87.5710, -96.2147; ...
    -10.4669, -10.2472, -13.2497, -22.8162, -30.5902, -41.8265, -49.2888, -55.3769, ...
    -61.1756, -66.3346, -68.6997, -72.5580, -77.0084, -80.4658, -87.5618, -90.6044, ...
    -97.1829, -104.8910, -113.0867
];

% 數據說明:
% frequencies: 頻率向量 (Hz)
% magnitudes_linear: 6x19 矩陣，每行代表一個通道的線性幅度
% phases: 6x19 矩陣，每行代表一個通道的原始相位 (度)
% phases_processed: 6x19 矩陣，每行代表一個通道的處理後相位 (度，已進行180度修正)
% 通道對應: 第1行=P1, 第2行=P2, ..., 第6行=P6

% 使用範例:
% % 繪製P1通道的幅度和處理後相位
% figure;
% subplot(2,1,1);
% loglog(frequencies, magnitudes_linear(1,:));
% xlabel('Frequency (Hz)'); ylabel('Linear Magnitude');
% title('P1 通道線性幅度');
% subplot(2,1,2);
% semilogx(frequencies, phases_processed(1,:));
% xlabel('Frequency (Hz)'); ylabel('Phase (deg)');
% title('P1 通道處理後相位');

% % 轉換為 dB 幅度
% magnitudes_db = 20 * log10(magnitudes_linear);
