% Bode Plot Data
% Generated: 2025-10-03 20:45:27
% Data dimension: 6 channels x 19 frequency points
% Channels: P1-P6

% Frequency points (Hz)
frequencies = [0.100775, 1.006192, 10.000000, 50.000000, 100.000000, 200.000000, 300.000000, 400.000000, 500.000000, 600.000000,  ...
               700.000000, 800.000000, 900.000000, 1000.000000, 1200.000000, 1400.000000, 1600.000000, 1800.000000, 2000.000000];

% Linear magnitude (6 channels x 19 frequencies)
% Row 1-6: P1-P6
magnitudes_linear = [
    3.427762e-02, 3.409645e-02, 3.665598e-02, 3.620758e-02, 3.433914e-02, 3.029142e-02, 2.686328e-02, 2.423788e-02, 2.211537e-02, 2.028438e-02, 1.915357e-02, 1.784987e-02, 1.691313e-02, 1.606138e-02, 1.484468e-02, 1.392418e-02, 1.321969e-02, 1.255831e-02, 1.214943e-02; ...
    3.683074e-02, 3.673046e-02, 4.022182e-02, 3.654547e-02, 3.104087e-02, 2.299405e-02, 1.803038e-02, 1.487364e-02, 1.266795e-02, 1.098539e-02, 9.911669e-03, 8.876747e-03, 8.142239e-03, 7.518313e-03, 6.581886e-03, 5.988534e-03, 5.570073e-03, 5.222978e-03, 5.027768e-03; ...
    3.412514e-02, 3.401378e-02, 3.692530e-02, 3.607259e-02, 3.364060e-02, 2.890806e-02, 2.523875e-02, 2.254566e-02, 2.044351e-02, 1.867471e-02, 1.758058e-02, 1.634325e-02, 1.545626e-02, 1.466011e-02, 1.349321e-02, 1.263880e-02, 1.198232e-02, 1.135361e-02, 1.099301e-02; ...
    2.410886e-02, 2.394137e-02, 2.425213e-02, 2.339177e-02, 2.116726e-02, 1.690438e-02, 1.384470e-02, 1.176418e-02, 1.026043e-02, 9.084789e-03, 8.325097e-03, 7.566403e-03, 7.020338e-03, 6.544639e-03, 5.907850e-03, 5.432398e-03, 5.084134e-03, 4.784866e-03, 4.616429e-03; ...
    4.418152e-03, 4.388488e-03, 5.231296e-03, 6.899371e-03, 8.623863e-03, 9.713259e-03, 9.583183e-03, 9.192789e-03, 8.756131e-03, 8.290710e-03, 8.035402e-03, 7.639983e-03, 7.366562e-03, 7.092354e-03, 6.736260e-03, 6.425872e-03, 6.188575e-03, 5.939474e-03, 5.806968e-03; ...
    1.845034e-01, 1.837744e-01, 1.963274e-01, 1.830802e-01, 1.668247e-01, 1.408486e-01, 1.218717e-01, 1.081787e-01, 9.754634e-02, 8.860459e-02, 8.299999e-02, 7.670994e-02, 7.215981e-02, 6.803944e-02, 6.194309e-02, 5.744023e-02, 5.400591e-02, 5.080715e-02, 4.886940e-02
];

% Original phase (degrees)
phases = [
    -8.6503, -8.7423, -10.7191, -17.6979, -24.7626, -35.3176, -42.4192, -48.1044, -52.9277, -56.7752, -59.8670, -63.3456, -66.6359, -69.5633, -74.7980, -78.8937, -84.9823, -90.4462, -95.5721; ...
    -10.6088, -11.1605, -16.1372, -31.9666, -45.8342, -64.4653, -76.7422, -86.5815, -95.0778, -102.3636, -108.7697, -115.3591, -121.6393, -127.3881, -137.9523, -146.7738, -156.9332, -166.4237, -174.9223; ...
    -9.0426, -9.2766, -11.5201, -19.3380, -26.9776, -37.7511, -44.7130, -50.1408, -54.7357, -58.4169, -61.3654, -64.7019, -67.9097, -70.7394, -75.8088, -79.7975, -85.5677, -91.1678, -95.9958; ...
    -10.0534, -10.3357, -13.7391, -26.5955, -39.4165, -57.5156, -69.6090, -79.3765, -87.8686, -95.1647, -101.6056, -108.3017, -114.6643, -120.5738, -130.8401, -139.9345, -150.4159, -160.2873, -168.9279; ...
    -1.4566, -0.6793, 3.5112, 10.4743, 4.2445, -11.1803, -22.2800, -30.8105, -37.7401, -43.3090, -47.8958, -52.6934, -57.1861, -61.2091, -68.3852, -74.0800, -81.3798, -88.3083, -94.4593; ...
    170.6158, 170.3047, 166.7395, 157.2040, 149.2781, 137.9096, 130.2780, 124.0916, 118.7171, 114.2863, 110.5925, 106.5209, 102.6207, 99.1061, 92.7769, 87.6432, 80.7828, 74.2833, 68.4378
];

% Processed phase (degrees, with 180deg correction)
phases_processed = [
    -8.6503, -8.7423, -10.7191, -17.6979, -24.7626, -35.3176, -42.4192, -48.1044, -52.9277, -56.7752, -59.8670, -63.3456, -66.6359, -69.5633, -74.7980, -78.8937, -84.9823, -90.4462, -95.5721; ...
    -10.6088, -11.1605, -16.1372, -31.9666, -45.8342, -64.4653, -76.7422, -86.5815, -95.0778, -102.3636, -108.7697, -115.3591, -121.6393, -127.3881, -137.9523, -146.7738, -156.9332, -166.4237, -174.9223; ...
    -9.0426, -9.2766, -11.5201, -19.3380, -26.9776, -37.7511, -44.7130, -50.1408, -54.7357, -58.4169, -61.3654, -64.7019, -67.9097, -70.7394, -75.8088, -79.7975, -85.5677, -91.1678, -95.9958; ...
    -10.0534, -10.3357, -13.7391, -26.5955, -39.4165, -57.5156, -69.6090, -79.3765, -87.8686, -95.1647, -101.6056, -108.3017, -114.6643, -120.5738, -130.8401, -139.9345, -150.4159, -160.2873, -168.9279; ...
    -1.4566, -0.6793, 3.5112, 10.4743, 4.2445, -11.1803, -22.2800, -30.8105, -37.7401, -43.3090, -47.8958, -52.6934, -57.1861, -61.2091, -68.3852, -74.0800, -81.3798, -88.3083, -94.4593; ...
    -9.3842, -9.6953, -13.2605, -22.7960, -30.7219, -42.0904, -49.7220, -55.9084, -61.2829, -65.7137, -69.4075, -73.4791, -77.3793, -80.8939, -87.2231, -92.3568, -99.2172, -105.7167, -111.5622
];

% Usage Example:
% 1. Plot magnitude (linear) for all channels:
%    figure; loglog(frequencies, magnitudes_linear'); legend('P1','P2','P3','P4','P5','P6');
% 2. Plot magnitude (dB) for channel 1:
%    figure; semilogx(frequencies, 20*log10(magnitudes_linear(1,:)));
% 3. Plot processed phase for all channels:
%    figure; semilogx(frequencies, phases_processed'); legend('P1','P2','P3','P4','P5','P6');
